top1_after_abn: 88.33999995117188
top1_before_abn: 82.46999990234374
top1_mean: 85.54199994873046
top1_std: 0.3026813644071523
top5_after_abn: 99.63
top5_before_abn: 99.18
top5_mean: 99.47800000976562
top5_std: 0.04308131891043653
total_cycle: 3686400.0
