top1_after_abn: 88.33000004882813
top1_before_abn: 82.56999985351563
top1_mean: 79.82499994262695
top1_std: 2.332120247801884
top5_after_abn: 99.61
top5_before_abn: 99.18
top5_mean: 98.88399997192383
top5_std: 0.3212849656159847
total_cycle: 2949120.0
