top1_after_abn: 88.30999995117187
top1_before_abn: 82.46999990234374
top1_mean: 83.14999987792969
top1_std: 0.0
top5_after_abn: 99.62
top5_before_abn: 99.18
top5_mean: 99.27
top5_std: 0.0
total_cycle: 3686400.0
