top1_after_abn: 88.4
top1_before_abn: 82.56999985351563
top1_mean: 81.0919999609375
top1_std: 2.5872719571743663
top5_after_abn: 99.64
top5_before_abn: 99.18
top5_mean: 98.99600004882812
top5_std: 0.36494383129462593
total_cycle: 2949120.0
