top1_after_abn: 88.3
top1_before_abn: 82.56999985351563
top1_mean: 79.93149992248536
top1_std: 1.983961391596454
top5_after_abn: 99.63
top5_before_abn: 99.18
top5_mean: 98.80549998107911
top5_std: 0.30819597504480395
total_cycle: 2949120.0
