top1_after_abn: 88.25999995117188
top1_before_abn: 82.46999990234374
top1_mean: 84.13999986572266
top1_std: 0.0
top5_after_abn: 99.61
top5_before_abn: 99.18
top5_mean: 99.40000004882812
top5_std: 0.0
total_cycle: 3686400.0
