top1_after_abn: 88.28999995117188
top1_before_abn: 88.33999990234375
top1_mean: 84.7819999609375
top1_std: 0.8816439452252527
top5_after_abn: 99.59
top5_before_abn: 99.63
top5_mean: 99.38000001953125
top5_std: 0.1060188505865243
total_cycle: 1843200.0
