top1_after_abn: 88.31999995117188
top1_before_abn: 88.28999995117188
top1_mean: 84.78799995727539
top1_std: 0.9571081703399322
top5_after_abn: 99.58
top5_before_abn: 99.58
top5_mean: 99.3560000036621
top5_std: 0.1245150676829053
total_cycle: 1843200.0
