top1_after_abn: 88.31999995117188
top1_before_abn: 82.56999985351563
top1_mean: 80.6954999395752
top1_std: 1.9462206156537185
top5_after_abn: 99.61
top5_before_abn: 99.18
top5_mean: 99.00549999023437
top5_std: 0.2848767715577185
total_cycle: 2949120.0
