top1_after_abn: 88.35999995117187
top1_before_abn: 88.32999990234374
top1_mean: 84.86549997192384
top1_std: 0.8315195536526432
top5_after_abn: 99.61
top5_before_abn: 99.57
top5_mean: 99.4035000189209
top5_std: 0.07951571451210651
total_cycle: 1843200.0
